16.8122317386
12.9943377214
7.6900822843
7.6900822843
7.6900822843
7.6900822843
7.6900822843
7.6900822843
7.6900822843
7.6900822843
7.6900822843
7.6900822843
7.6900822843
3.0327172985
3.0327172985
3.0327172985
3.0327172985
3.0327172985
3.0327172985
3.0327172985
3.0327172985
3.0327172985
3.0327172985
3.0327172985
3.0327172985
3.0327172985
3.0327172985
3.0327172985
3.0327172985
3.0327172985
3.0327172985
3.0327172985
3.0327172985
3.0327172985
3.0327172985
3.0327172985
3.0327172985
3.0327172985
2.5973386306
2.5973386306
2.5973386306
2.5973386306
2.2752917004
2.2752917004
2.1874430140
2.0578851288
2.0103912453
2.0001226568
2.0001226568
2.0001226568
1.9958736676
1.9932325562
1.9921571392
1.9918131294
1.9917896230
1.9917896230
0.9236149382
0.9236149382
0.9236149382
0.9236149382
0.9236149382
0.9236149382
0.9236149382
0.9236149382
0.9236149382
0.9236149382
0.9236149382
0.9236149382
0.9236149382
0.9236149382
0.9236149382
0.8124902043
0.6483172965
0.5830090560
0.5637030522
0.5637030522
0.5637030522
0.5637030522
0.5637030522
0.5602957751
0.5589571041
0.5586287632
0.5586287632
0.5586287632
0.5584580155
0.5578680553
0.5574552834
0.5571641892
0.5569576737
0.5568105071
0.5567052870
0.5566298748
0.5565757305
0.5565368057
0.5565087962
0.5564886275
0.5564740974
0.5564636258
0.5564560773
0.5564506347
0.5564467101
0.5564438799
0.5564418386
0.5564403664
0.5564393045
0.5564385385
0.5564379860
0.5564375875
0.5564373000
0.5564370927
0.5564369431
0.5564368352
0.5564367574
0.5564367012
0.5564366607
0.5564366315
0.2681059702
0.2681059702
0.2681059702
0.2681059702
0.2681059702
0.2313767207
0.2313767207
0.2313767207
0.2252957040
0.2252957040
0.2252957040
0.2252957040
0.2252957040
0.2082644684
0.2064083063
0.1964141175
0.1808342314
0.1685740309
0.1611803633
0.1566015135
0.1536911633
0.1490570545
0.0830671405
0.0830671405
0.0830671405
0.0613746505
0.0613746505
0.0613746505
0.0613746505
0.0574531639
0.0314991169
0.0314991169
0.0022103260
0.0022103260
0.0022103260
0.0022103260
0.0022103260
0.0022103260
0.0022103260
0.0022103260
0.0022103260
0.0022103260
0.0022103260
0.0022103260
0.0017427613
0.0012322938
0.0000993522
0.0000993522
0.0000993522
0.0000993522
0.0000993522
0.0000993522
0.0000993522
0.0000993522
0.0000993522
0.0000993522
0.0000852341
0.0000646534
0.0000531962
0.0000466948
0.0000429225
0.0000406788
0.0000393087
0.0000384497
0.0000378973
0.0000375338
0.0000372898
0.0000371233
0.0000370081
0.0000369276
0.0000368708
0.0000368306
0.0000368019
0.0000367814
0.0000367667
0.0000367562
0.0000367486
0.0000367431
0.0000367392
0.0000367364
0.0000367344
0.0000367329
0.0000367318
0.0000367311
0.0000367305
0.0000367301
0.0000367298
0.0000367296
0.0000367295
0.0000367294
0.0000367293
0.0000367292
0.0000367292
0.0000367292
0.0000367291
0.0000367291
0.0000367291
0.0000367291
0.0000367291
0.0000367291
0.0000367291
0.0000367291
0.0000367291
0.0000367291
0.0000367291
0.0000367291
0.0000367291
0.0000367291
0.0000367291
0.0000367291
0.0000367291
0.0000367291
0.0000367291
0.0000367291
0.0000367291
0.0000367291
0.0000367291
0.0000367291
0.0000367291
0.0000367291
0.0000367291
0.0000367291
0.0000367291
0.0000367291
0.0000367291
0.0000367291
0.0000367291
0.0000367291
0.0000367291
0.0000367291
0.0000367291
0.0000367291
0.0000346260
0.0000202567
0.0000143315
0.0000123678
0.0000121535
0.0000121535
0.0000119845
0.0000116071
0.0000113786
0.0000112367
0.0000111461
0.0000110870
0.0000110475
0.0000110207
0.0000110023
0.0000109894
0.0000109804
0.0000109740
0.0000109694
0.0000109662
0.0000109638
0.0000109622
0.0000109610
0.0000109601
0.0000109595
0.0000109590
0.0000109587
0.0000109585
0.0000109583
0.0000109582
0.0000109581
0.0000109580
0.0000109580
0.0000109580
0.0000109579
0.0000109579
0.0000109579
0.0000109579
0.0000109579
0.0000109579
0.0000109579
0.0000109579
0.0000109579
0.0000109579
0.0000109579
0.0000109579
0.0000109579
0.0000109579
0.0000109579
0.0000109579
0.0000109579
0.0000109579
